[kpca]
kernel = rbf
gamma = 0.0687446029212
alpha = 1.9474188335e-06

[ae4l]
hidden_size_l1 = 38
hidden_size_l2 = 36
hidden_size_l3 = 17
learning_rate = 0.554975796783
lr_decay = 1e-05
regularizer = l2
weight_decay = 1e-12
momentum = 0.0

