[kpca]
kernel = rbf
gamma = 0.586435131506
alpha = 0.000294229747054

[ae4l]
hidden_size_l1 = 39
hidden_size_l2 = 23
hidden_size_l3 = 17
learning_rate = 0.539500979951
lr_decay = 8.95518699373e-06
regularizer = l2
weight_decay = 9.85577165098e-06
momentum = 0.317082152667

