[kpca]
kernel = rbf
gamma = 0.0933372923925
alpha = 2.68676152351e-05

[ae4l]
hidden_size_l1 = 39
hidden_size_l2 = 38
hidden_size_l3 = 7
learning_rate = 0.347545644716
lr_decay = 1.65988435253e-06
regularizer = l2
weight_decay = 1e-12
momentum = 0.356875873834

