[kpca]
kernel = rbf
gamma = 0.122094239122
alpha = 1e-08

[ae4l]
hidden_size_l1 = 4
hidden_size_l2 = 3
hidden_size_l3 = 2
learning_rate = 0.983237465613
lr_decay = 1e-05
regularizer = l2
weight_decay = 1e-12
momentum = 0.713653212674

