[kpca]
kernel = rbf
gamma = 0.0314196617957
alpha = 1.05493158484e-08

[ae4l]
hidden_size_l1 = 37
hidden_size_l2 = 34
hidden_size_l3 = 11
learning_rate = 0.359632775544
lr_decay = 1e-05
regularizer = l1
weight_decay = 1e-12
momentum = 0.821822877428

