[ae4l]
hidden_size_l1 = 39
hidden_size_l2 = 35
hidden_size_l3 = 32
learning_rate = 0.644119923316
lr_decay = 1.39019810663e-08
regularizer = l2
weight_decay = 5.23685696649e-06
momentum = 0.898477989249

[kpca]
kernel = rbf
gamma = 0.25735469174
alpha = 1.01906813784e-05

