[kpca]
kernel = rbf
gamma = 0.236266998286
alpha = 1.8533507116e-06

[ae4l]
hidden_size_l1 = 18
hidden_size_l2 = 16
hidden_size_l3 = 9
learning_rate = 2.0
lr_decay = 3.18563607471e-06
regularizer = l2
weight_decay = 2.11291623607e-07
momentum = 0.667809889957

