[ae4l]
hidden_size_l1 = 39
hidden_size_l2 = 26
hidden_size_l3 = 23
learning_rate = 0.306808101083
lr_decay = 9.99800098448e-06
regularizer = l1
weight_decay = 1e-12
momentum = 0.816197799182

[kpca]
kernel = rbf
gamma = 0.236266860717
alpha = 2.30878258718e-08

