[ae4l]
hidden_size_l1 = 38
hidden_size_l2 = 24
hidden_size_l3 = 23
learning_rate = 1.99926229864
lr_decay = 5.8390149433e-06
regularizer = l2
weight_decay = 3.05523571998e-06
momentum = 0.857188755547

[kpca]
kernel = rbf
gamma = 0.0381263301319
alpha = 1.54916540141e-08

