[kpca]
kernel = rbf
gamma = 0.21437545139
alpha = 1e-08

[ae4l]
hidden_size_l1 = 39
hidden_size_l2 = 38
hidden_size_l3 = 36
learning_rate = 1.1805005563
lr_decay = 1e-05
regularizer = l2
weight_decay = 1e-05
momentum = 0.868428272761

