[ae4l]
hidden_size_l1 = 19
hidden_size_l2 = 17
hidden_size_l3 = 16
learning_rate = 1.83306884943
lr_decay = 1e-05
regularizer = l2
weight_decay = 8.95633302937e-06
momentum = 0.717245377058

[kpca]
kernel = rbf
gamma = 0.0746933671688
alpha = 2.79880110713e-08

