[kpca]
kernel = rbf
gamma = 1.23445644703
alpha = 0.000315288481856

[ae4l]
hidden_size_l1 = 39
hidden_size_l2 = 38
hidden_size_l3 = 36
learning_rate = 0.746767533188
lr_decay = 9.61847468424e-06
regularizer = l2
weight_decay = 4.04179215523e-06
momentum = 0.0

