[ae4l]
hidden_size_l1 = 39
hidden_size_l2 = 36
hidden_size_l3 = 24
learning_rate = 0.596872063731
lr_decay = 1e-12
regularizer = l1
weight_decay = 9.11684665113e-08
momentum = 0.0

[kpca]
kernel = rbf
gamma = 0.0744373956023
alpha = 1.00044870417e-08

