[ae4l]
hidden_size_l1 = 39
hidden_size_l2 = 9
hidden_size_l3 = 6
learning_rate = 0.932542172505
lr_decay = 9.35356018729e-06
regularizer = l2
weight_decay = 8.07086730483e-06
momentum = 0.907243641696

[kpca]
kernel = rbf
gamma = 0.404594338924
alpha = 0.00133535263176

