[ae4l]
hidden_size_l1 = 39
hidden_size_l2 = 37
hidden_size_l3 = 36
learning_rate = 0.766740405772
lr_decay = 1e-05
regularizer = l2
weight_decay = 3.84984120817e-06
momentum = 0.831599665253

[kpca]
kernel = rbf
gamma = 0.987964800795
alpha = 2.94029165391e-08

