[kpca]
kernel = rbf
gamma = 0.190665646266
alpha = 1e-08

[ae4l]
hidden_size_l1 = 39
hidden_size_l2 = 30
hidden_size_l3 = 17
learning_rate = 0.741889847078
lr_decay = 1e-12
regularizer = l1
weight_decay = 8.17453515683e-07
momentum = 0.872978846512
