[ae4l]
hidden_size_l1 = 39
hidden_size_l2 = 38
hidden_size_l3 = 37
learning_rate = 0.651025851338
lr_decay = 1e-12
regularizer = l1
weight_decay = 2.05867137507e-06
momentum = 0.29482379796

[kpca]
kernel = rbf
gamma = 0.321976902665
alpha = 4.91696446012e-06

