[ae4l]
hidden_size_l1 = 17
hidden_size_l2 = 16
hidden_size_l3 = 15
learning_rate = 1.69832642314
lr_decay = 1.83395391131e-07
regularizer = l1
weight_decay = 1e-05
momentum = 0.331109331869

[kpca]
kernel = rbf
gamma = 0.0477906649183
alpha = 1.00405624833e-08

