[ae4l]
hidden_size_l1 = 39
hidden_size_l2 = 38
hidden_size_l3 = 14
learning_rate = 0.535689945422
lr_decay = 1e-12
regularizer = l2
weight_decay = 3.33919069781e-09
momentum = 0.193157936052

[kpca]
kernel = rbf
gamma = 0.383252762189
alpha = 1.19166558884e-08

