[ae4l]
hidden_size_l1 = 25
hidden_size_l2 = 18
hidden_size_l3 = 3
learning_rate = 1.54710069035
lr_decay = 3.34453360545e-11
regularizer = l1
weight_decay = 4.23573423607e-06
momentum = 0.529058144131

[kpca]
kernel = rbf
gamma = 0.292499387369
alpha = 3.04295198006e-07

